4
128
0                   0
0                   0
-1                  0
-14                 2
-27                 5
-45                 8
-70                 12
-90                 15
-108                18
-118                20
-124                20
-131                21
-135                21
-139                22
-145                22
-149                22
-155                21
-159                18
-166                8
-173                -5
-178                -18
-183                -34
-188                -50
-194                -68
-202                -84
-211                -103
-228                -120
-238                -125
-253                -126
-266                -126
-277                -126
-288                -118
-297                -109
-306                -94
-311                -80
-314                -67
-317                -52
-318                -34
-318                -14
-318                7
-321                24
-322                32
-328                42
-338                50
-352                51
-387                55
-411                55
-428                49
-446                34
-456                18
-458                11
-460                4
-461                -5
-461                -18
-461                -27
-457                -37
-448                -48
-437                -63
-431                -68
-416                -73
-395                -76
-373                -77
-345                -74
-308                -65
-284                -56
-262                -39
-251                -19
-248                1
-248                21
-256                53
-268                84
-282                127
-295                159
-305                182
-315                204
-321                218
-326                230
-334                253
-344                280
-358                308
-366                321
-373                329
-382                337
-398                338
-414                335
-437                311
-455                271
-456                251
-459                229
-464                199
-470                171
-474                142
-479                94
-483                68
-491                46
-499                24
-509                8
-521                -6
-530                -15
-541                -23
-563                -29
-592                -30
-632                -36
-664                -41
-686                -44
-701                -45
-709                -45
-720                -45
-732                -45
-748                -45
-763                -43
-780                -43
-789                -43
-798                -43
-813                -43
-834                -43
-848                -41
-856                -39
-863                -39
-876                -37
-895                -35
-940                -35
-976                -35
-1021               -34
-1173               -34
-1285               -21
-1322               -15
-1323               -15
206
0                   0
0                   0
0                   0
0                   0
-7                  0
-16                 0
-26                 0
-44                 2
-61                 8
-74                 10
-86                 14
-97                 16
-105                17
-112                20
-117                21
-129                25
-139                28
-149                30
-159                34
-169                37
-185                42
-209                49
-223                53
-227                54
-231                56
-236                57
-242                58
-249                61
-254                62
-262                65
-273                69
-282                73
-290                75
-300                77
-302                79
-307                80
-312                84
-316                84
-317                85
-317                85
-317                85
-317                85
-317                85
-317                85
-317                85
-317                85
-317                85
-317                85
-317                85
-317                85
-317                85
-317                78
-316                75
-315                68
-311                60
-308                55
-304                49
-302                46
-299                42
-294                38
-282                32
-273                28
-264                24
-254                23
-242                20
-229                19
-215                19
-202                19
-191                19
-183                19
-173                19
-161                19
-148                20
-137                24
-126                30
-119                36
-114                40
-110                48
-106                55
-102                64
-101                72
-101                84
-101                98
-101                108
-102                121
-108                144
-121                174
-128                197
-134                214
-142                229
-148                241
-155                255
-164                269
-174                282
-185                293
-194                301
-205                309
-213                315
-223                320
-237                328
-250                334
-262                338
-273                340
-286                345
-301                347
-315                348
-323                348
-351                344
-377                334
-400                324
-415                314
-429                304
-450                289
-474                270
-505                243
-534                202
-545                171
-555                138
-560                119
-566                102
-570                84
-571                73
-572                64
-576                54
-580                41
-582                27
-583                13
-583                4
-581                -7
-578                -13
-573                -20
-565                -27
-558                -31
-547                -36
-529                -41
-512                -46
-484                -52
-462                -53
-446                -53
-429                -49
-417                -44
-402                -36
-388                -26
-380                -20
-371                -13
-360                -5
-352                2
-342                10
-336                16
-330                27
-326                36
-321                48
-319                55
-317                64
-315                68
-315                72
-315                77
-315                81
-315                83
-315                84
-316                86
-320                90
-323                93
-327                96
-341                97
-354                99
-375                100
-389                100
-403                100
-410                100
-422                100
-429                100
-443                100
-463                99
-482                96
-491                94
-499                92
-512                88
-526                86
-546                84
-560                81
-577                81
-593                79
-608                78
-616                76
-629                76
-646                76
-667                76
-686                76
-700                76
-716                76
-763                76
-838                76
-896                76
-1009               62
-1083               60
-1104               60
-1137               62
-1157               66
-1172               70
-1180               73
-1203               76
-1218               79
-1229               80
-1229               80
-1229               80
183
0                   0
0                   0
0                   0
0                   0
-5                  0
-13                 0
-21                 0
-28                 0
-34                 0
-41                 0
-48                 0
-56                 0
-61                 0
-64                 0
-68                 0
-72                 0
-77                 0
-80                 0
-84                 0
-87                 0
-91                 0
-97                 0
-102                0
-110                0
-118                0
-125                0
-136                0
-144                0
-151                0
-158                3
-170                7
-175                8
-182                12
-191                17
-199                23
-207                33
-214                40
-220                48
-225                55
-231                64
-236                70
-243                76
-249                80
-255                84
-260                87
-266                90
-272                92
-279                94
-284                96
-294                97
-305                100
-321                102
-339                102
-351                102
-359                102
-367                100
-372                100
-377                99
-382                98
-385                96
-388                96
-393                94
-400                92
-406                88
-412                85
-418                81
-424                78
-428                71
-435                60
-439                51
-443                46
-446                39
-447                33
-450                24
-450                17
-448                7
-444                -20
-444                -23
-441                -29
-438                -35
-433                -42
-428                -48
-419                -54
-410                -58
-401                -63
-393                -68
-381                -73
-366                -77
-356                -79
-341                -82
-329                -84
-319                -86
-309                -87
-300                -88
-293                -89
-287                -89
-279                -89
-272                -89
-261                -88
-255                -85
-243                -81
-233                -78
-228                -74
-222                -69
-217                -66
-211                -58
-203                -48
-197                -35
-195                -27
-193                -22
-190                -15
-186                -5
-183                6
-182                14
-182                22
-182                35
-185                47
-188                57
-191                64
-193                70
-196                76
-199                83
-212                94
-232                110
-241                115
-249                119
-255                122
-266                125
-282                130
-300                133
-313                134
-320                135
-327                137
-335                137
-343                137
-360                138
-373                138
-396                136
-412                131
-430                125
-442                121
-455                114
-463                102
-468                83
-474                64
-475                51
-476                39
-478                27
-479                19
-480                13
-482                11
-482                10
-483                7
-488                1
-498                -1
-510                -2
-527                -2
-552                -2
-608                0
-641                0
-677                0
-679                0
-684                0
-684                0
-686                0
-698                2
-721                6
-764                12
-801                17
-905                17
-976                17
-1041               17
-1084               17
-1112               18
-1156               18
-1229               14
-1252               11
-1258               11
-1293               10
-1335               6
-1335               6
-1335               6
-1335               6
207
0                   0
-1                  -1
-10                 -2
-24                 -2
-36                 -4
-45                 -4
-53                 -6
-61                 -6
-66                 -6
-70                 -8
-75                 -8
-80                 -8
-84                 -8
-89                 -7
-92                 -7
-96                 -7
-99                 -7
-104                -7
-107                -7
-110                -7
-113                -7
-115                -7
-117                -7
-121                -7
-125                -7
-129                -7
-132                -7
-137                -7
-141                -7
-144                -7
-149                -7
-155                -7
-166                -7
-173                -7
-179                -5
-184                -4
-190                -3
-193                -1
-196                0
-198                2
-202                6
-206                11
-210                19
-213                27
-216                32
-217                35
-218                41
-221                50
-226                61
-231                71
-236                84
-240                94
-242                104
-247                116
-251                130
-255                142
-259                153
-264                163
-266                170
-272                185
-277                195
-281                204
-284                209
-287                216
-289                223
-292                230
-294                237
-296                244
-297                254
-301                262
-305                270
-314                281
-320                287
-326                295
-331                301
-340                307
-351                310
-363                313
-373                314
-384                314
-390                312
-397                298
-403                279
-405                266
-407                252
-408                234
-409                221
-409                204
-409                184
-409                165
-409                142
-410                123
-413                112
-415                95
-417                81
-419                71
-420                62
-422                42
-424                26
-425                18
-425                11
-428                3
-429                -1
-431                -6
-431                -6
-432                -7
-432                -8
-433                -9
-436                -10
-441                -13
-447                -14
-454                -15
-461                -16
-469                -17
-476                -17
-487                -17
-496                -17
-511                -16
-518                -16
-524                -16
-530                -16
-537                -15
-544                -15
-551                -14
-556                -14
-565                -14
-575                -14
-579                -14
-584                -14
-585                -14
-588                -14
-592                -14
-597                -14
-603                -14
-615                -14
-626                -14
-639                -14
-657                -14
-677                -14
-693                -14
-705                -14
-719                -14
-732                -14
-748                -14
-775                -14
-792                -14
-810                -14
-822                -14
-825                -14
-826                -14
-826                -14
-826                -14
-826                -14
-826                -14
-826                -14
-846                -14
-856                -14
-868                -14
-875                -14
-880                -14
-882                -14
-882                -14
-896                -14
-919                -11
-942                -7
-949                -6
-955                -6
-962                -6
-968                -6
-977                -6
-992                -6
-1001               -6
-1008               -6
-1019               -6
-1026               -6
-1046               -6
-1068               -6
-1092               -6
-1103               -6
-1114               -6
-1119               -6
-1120               -6
-1122               -6
-1133               -6
-1143               -6
-1164               -6
-1170               -6
-1177               -6
-1184               -6
-1206               -6
-1224               -6
-1240               -5
-1244               -5
-1266               -2
-1280               1
-1301               3
-1312               5
-1325               6
-1333               7
-1351               10
-1354               10
-1360               11
-1363               11
-1366               13
-1369               14
-1370               14
-1370               14
